352	8254	8819	1884	2957	1745	129	-952	-687	806	4529	5494	9153	3954	138	2703
5995	2088	9387	7029	4091	-72	534	8375	9221	6312	523	7500	-595	6595	5949	7430
3976	8060	3035	2331	3165	6953	8132	-561	8736	8900	9083	-722	5746	-956	5522	2540
3497	6001	7817	7505	8665	2534	4359	752	2468	6338	5546	7623	175	9770	25	7779
5900	3086	6476	9136	6148	5550	1796	378	6140	1237	2369	-89	8071	-836	8337	7239
7573	5670	1884	5543	3292	6704	4590	7099	-612	5025	9754	6935	673	7996	8907	3692
1625	6664	3052	2908	8358	645	-421	655	2544	4726	7420	1847	4493	1844	3533	9187
1650	884	4008	1404	8940	7302	4820	3868	7737	9813	6952	2211	477	5548	9068	1508
7968	2705	7469	3215	6983	4036	9349	6791	-430	2400	2274	3957	5858	5335	226	965
5882	8836	286	3515	5823	9683	9214	-546	1488	-102	1568	-576	6140	6067	1529	5591
9601	4756	8878	7787	4852	7420	4153	-904	4899	-885	7582	1242	-656	1554	1953	5958
2828	5621	-537	3122	-176	4200	2391	4065	2158	-48	9870	3995	649	4852	6364	1671
7809	6292	526	193	9695	9677	4307	5856	8982	9351	8242	1319	2651	4235	4405	7124
866	5997	1580	3284	2158	6039	542	3476	211	7503	974	-118	7607	1119	7448	4932
7001	3539	9980	7494	1875	470	1527	2899	9324	7973	3095	5686	4538	9591	9976	7401
3946	3639	883	7753	2636	8019	6008	9503	9145	8360	366	5644	8536	1561	9497	3975
5459	8585	8187	8008	8999	3464	9367	7122	910	3367	2423	3740	7735	4958	4767	781
9165	9651	6507	1768	6979	1138	6645	8453	401	4598	2192	6930	8630	5563	7854	9552
6180	-691	-810	8252	9017	6224	7009	1868	9147	472	6601	397	9047	3646	9645	7456
2761	8222	-246	990	-450	8222	1003	791	1307	8188	937	7187	3376	5560	-898	446
7747	3102	1885	6759	3965	7704	6738	7238	6402	-440	3979	-200	3766	9612	9062	-56
7464	3668	770	4929	5732	4252	5426	4238	6391	5750	412	-776	882	9373	1629	7475
9610	6896	1516	4317	5770	3831	3358	903	4789	5333	4606	5573	6849	2265	5733	6529
1657	5066	1006	8829	9915	3740	8320	2463	5786	4624	492	1574	1037	1751	8324	2934
4761	7041	-915	8020	5436	9347	1104	4339	2329	3950	8965	7993	7794	5041	3290	7095
3562	4315	4190	1039	8703	-178	209	7713	907	45	2989	4502	2413	6078	829	113
4968	6426	9322	9025	8998	4261	7469	2460	2225	-995	1387	3821	245	7691	318	9866
-726	-577	283	4566	-562	1102	510	2322	6099	1185	2875	3370	7137	9013	2128	1389
4535	6823	1463	7027	3430	2101	3881	9044	7614	7973	1568	6179	-888	5856	8417	8062
2141	4190	1200	1863	5844	227	8272	2180	4173	8980	9488	2523	-918	2870	5224	1452
2286	9545	835	6450	4153	9385	8908	208	5011	4404	8946	-672	2570	655	6919	1950
7373	97	1470	1228	8405	4074	8660	2288	986	531	-714	-956	8807	6538	594	5204
6221	-659	3549	8770	7976	726	7055	2536	5485	2619	907	4791	7166	8318	1403	5490
4379	6506	1559	7501	9670	3190	283	1933	-436	4381	9057	9117	-538	7499	-827	1758
6477	3927	6101	3165	317	-253	8571	3162	9298	7536	-447	406	5231	1012	9511	4218
486	-295	4371	6367	1109	-586	2800	2150	8440	7445	-106	7074	7476	1807	5089	4224
3077	781	8770	2117	9463	8307	7890	8701	1510	1450	2943	6041	5581	5189	5079	758
4039	1754	3469	2366	8864	2442	9942	3921	567	818	3198	7926	6268	4773	7072	3299
8958	5041	-427	9732	3757	7695	2084	3871	1415	7767	1198	8207	4274	3955	1475	287
1746	46	5685	-44	2891	4129	7892	3959	7646	3379	2127	6563	3329	8845	8689	1658
7334	8567	9913	-34	2816	8785	3747	1490	4970	3981	7746	9186	6986	6447	4735	7387
811	6957	8258	6600	516	5782	-406	58	8664	5509	1432	4720	9403	5531	19	424
666	6767	-370	111	4593	2856	-29	614	9762	521	6127	2151	7320	9979	5839	5130
7948	4268	4114	5757	3936	8436	7203	5792	4659	7066	4612	3769	1363	9340	7744	6860
6321	6861	4078	3670	5663	5450	-883	7153	7611	6963	-23	5873	69	9774	8706	167
9896	-295	1123	7511	4871	7231	774	146	8933	6624	5502	5337	391	3361	3548	286
9346	5646	5624	3422	6886	7216	9826	5258	-33	2528	2103	9010	8201	9129	3008	9747
3157	323	5005	3132	6875	7189	5833	2270	1929	-755	9376	4326	680	-464	962	8081
8926	-3	8643	-39	2106	9392	-671	1180	2303	364	-154	3520	9563	8378	1081	1697
5159	3141	7520	3904	6277	3559	129	809	-730	-801	7490	3043	2326	-686	-973	8545
6223	4739	6396	38	-70	3917	9042	2538	8150	4614	7277	-394	1113	7162	1779	31
9426	790	7378	9244	5947	7240	195	5596	7443	313	2707	5025	-279	3488	4995	9233
9714	1169	-849	72	4277	994	9945	6729	8891	3652	7885	9055	1517	3424	5853	7546
696	1812	1707	9862	8472	-433	2817	2086	-891	-350	1845	7794	4847	5296	7981	3397
3899	6622	3555	8228	4409	-238	7706	9838	1400	7167	8922	-499	2950	-842	-627	5968
8676	6313	2474	3637	2119	-895	7848	7010	7099	-689	4039	1619	2658	8534	2368	6222
8818	9446	6864	-800	-971	2323	2408	5586	-910	1079	3201	136	3289	8869	9901	8153
3595	-50	5917	3471	8902	4385	6374	8696	-230	-519	7164	1273	17	864	6678	7645
6959	8235	973	-446	5862	9916	5673	5548	2742	3106	838	308	9690	6676	1290	5767
8980	8752	3928	2084	7599	6134	-687	2847	-313	7781	1739	6998	4537	7007	6272	-949
8654	7471	7920	4253	31	2519	365	4836	1172	7703	8779	4690	2951	5468	2766	3015
2053	6963	7597	1955	72	155	2596	-769	9670	5705	6715	6468	6227	9392	5802	1707
6055	3333	4890	9778	1925	5533	2025	765	5918	3487	9371	5908	4443	7288	1325	7763
6904	8661	4614	6159	5837	8860	5459	5178	7405	1856	3276	7761	5240	4255	9119	8517
5229	8853	4148	5190	5762	9041	-25	9403	3637	7863	9155	6089	7664	-985	-196	4834
690	-802	8337	2813	31	3902	5684	3086	5612	2887	7075	884	-338	9716	4758	5578
803	1044	-949	-709	3784	2454	2796	4386	8767	2021	7754	5029	8324	4818	3386	3067
2544	5735	9715	1083	7785	-391	9072	8725	2209	3816	8415	7208	2156	5600	1929	3861
3529	3924	974	3593	1383	4858	9661	3021	6081	5298	441	9590	4716	9097	2918	2498
4810	2959	2272	8964	1156	2596	2721	6351	970	27	2675	6353	6343	1519	-747	1062
9948	6898	3413	1537	5804	2246	1868	5394	6782	6553	252	4792	8988	4007	7143	-498
2979	6310	483	2724	8070	3526	4010	8676	2007	1319	5886	1920	3924	8990	8647	1062
537	6016	7036	6291	1587	-114	4484	6558	7419	1233	7330	3621	7743	4803	5481	5872
6477	4602	-922	6301	9839	1043	7812	5606	1227	-996	7467	6477	9425	3837	8121	1752
8736	5548	4951	8887	9794	5909	4718	9497	4938	50	1095	9466	8895	4980	7281	7819
3017	1536	4435	3258	3281	2109	8918	-423	154	4185	-154	26	1613	-181	6806	7413
6122	8263	8545	9152	7556	3842	8489	6847	6431	-759	8633	4356	9239	3606	1308	7268
546	9150	8693	2332	4591	6394	329	3810	6657	-673	4716	7999	4545	3278	5054	6462
7907	6804	8676	712	4055	556	6350	5181	5309	4762	8291	2978	8119	4741	-204	3254
8503	5322	5518	4713	6114	1832	6747	6081	6249	6205	936	-424	9571	9547	6316	71
5671	3057	2947	168	-760	8089	95	5776	-582	5890	8680	9498	4394	4739	9633	1013
3173	7565	3271	-365	1169	5533	-366	4026	7738	9566	4799	2778	3139	3816	9644	2512
-156	-172	5314	3835	5855	5316	-653	8703	9736	-316	1968	2590	4855	9804	7226	9333
8704	3586	8058	9257	-582	-808	8791	2291	8640	8079	2626	9206	3833	2505	7972	5467
4561	6675	2398	9165	9218	-914	1754	8662	8641	2879	7013	-784	860	6673	2528	8393
8580	-342	1346	462	155	5737	6119	2396	-311	7464	6677	8616	2586	8762	499	7499
3554	4554	759	2530	9344	1513	4729	4678	2469	2342	5780	1240	2086	1976	172	1523
1905	2006	7440	-561	9330	6082	1871	9858	2484	4317	1836	5751	3085	3728	7828	8012
9865	7131	5203	4372	4420	5918	5921	2311	-241	4857	6956	6491	4527	6414	2482	4941
4211	2417	9869	341	4788	58	-721	5490	4886	2687	-281	9697	587	558	5970	9041
1679	2772	3455	4144	4754	-473	8555	13	6276	9594	7777	8678	1597	-803	2631	-726
8383	9314	5246	5047	272	4059	9669	1166	370	9572	-966	3337	7275	7135	5686	2425
3203	3110	3575	1400	9656	7851	5451	206	2662	5854	-434	5350	4695	8463	315	3117
7513	3742	6126	6579	6788	-677	-973	552	1503	2232	4808	3511	9700	1108	2774	-557
684	387	3063	2554	9812	7941	-68	7816	1664	8331	8653	2524	1881	4068	-346	7501
67	9723	291	9304	7821	4045	8939	7057	1116	22	1032	2553	7380	4022	2447	1727
7452	189	1327	-918	1466	4273	-901	5632	951	1462	9803	5978	1997	7857	1498	6800
360	9431	5504	3543	3280	6894	2961	4939	4746	7336	-706	880	8208	2189	2834	2201
7900	4773	5699	1609	1552	2416	2993	1359	6808	1451	4012	3067	8795	259	1226	3267
0	2476	476	8417	1926	3297	8744	5699	1578	323	4534	-60	2298	1359	8447	9449
3077	7559	4803	346	7902	2259	1737	792	272	3627	9373	2608	3441	6136	8893	6919
2116	-689	2842	839	3432	8967	2748	-924	6705	2752	6759	4897	5308	829	3108	358
9721	3556	4075	308	779	112	4639	6535	9722	9907	-71	8100	9049	8308	8019	5940
5381	-256	2234	2702	8851	2380	3966	5965	1105	4755	2664	9670	584	8722	5470	8892
6637	5664	6425	774	9664	6463	4013	5963	7295	1278	-77	1371	6546	1083	784	7982
4013	9548	-397	-581	5667	8137	8068	9199	2369	2201	277	8702	3934	3445	1448	2587
460	8800	8832	8598	2011	-423	7666	6509	4350	-171	575	7201	2626	2379	6129	3596
9516	2339	6201	2676	3673	6088	5665	2845	5430	9709	5374	8235	4236	550	5992	9164
9042	7340	3802	4046	2548	6662	-491	2202	-265	2485	3342	6973	6317	3727	8181	3591
-819	-209	2471	4257	-298	1442	2835	3352	266	9625	9163	4091	3258	7592	-56	-944
4621	-854	4436	-282	4651	3623	8080	8191	3598	9980	5173	8473	492	7312	129	2366
-361	8428	9082	2615	4619	2472	8551	-486	6502	9493	7379	3879	7455	298	3585	2456
4229	4791	8088	3429	3819	349	3766	2010	1843	8242	9689	-934	3615	3112	3385	-429
8269	303	1243	4633	7574	3187	8403	5114	5937	4286	6275	9702	3998	7427	3298	6392
3652	1403	5519	4869	4564	100	-510	5601	9358	2247	7080	3515	8400	4063	2677	8972
8875	4297	4345	2446	5782	5573	6782	9978	3269	1268	5825	7840	8801	7442	7569	7299
2862	6313	1243	3681	593	5628	4210	6811	4492	2508	-731	6535	5823	6977	9444	4690
9350	6821	1563	7793	1564	3286	4254	9217	8098	212	5145	5750	1515	2679	8030	6733
9772	5710	6347	6680	4116	619	-385	7098	2837	5934	5894	1424	9206	9654	5547	5215
8240	9058	5785	2798	3013	9852	2030	1323	6303	4226	-255	4546	2532	2608	2090	8770
9724	-97	4920	6006	957	9554	6399	3258	-950	481	-526	1304	-987	4790	3968	9292
5307	-652	8897	522	6557	2843	-778	7677	5994	1098	8224	5439	7745	7182	-10	9141
-797	3241	5757	1839	509	-59	7283	954	2426	8399	3029	3324	7149	4574	3459	7743
1239	-958	2549	2044	8119	8982	6203	2733	3223	5094	4908	28	9263	2018	9816	9281
5518	7250	5777	4619	-444	8611	5145	3597	645	2778	4207	642	1551	127	-991	9961
1670	6432	5052	6214	4040	4066	9331	8079	4057	9777	6063	1549	6973	4923	408	8310
2974	3039	1115	34	8986	4815	6166	237	9576	1641	7070	1947	6638	201	6390	6600
3499	7759	4238	6690	-619	5495	2530	1180	3781	9874	9030	-889	1993	285	4911	4120
171	-157	5886	-536	2814	7599	511	-147	424	3859	5921	4552	9259	5077	9870	6273
4443	1823	6115	321	9648	812	3469	6692	7680	4685	8875	7935	6616	989	2364	7827
2337	-686	4761	6172	3085	7693	7555	8138	9055	1173	8237	5845	2300	9320	1919	6050
1256	5606	6986	-301	1323	4438	6611	5438	6014	1316	1073	-339	2538	-847	6875	6737
8112	3295	8827	3793	3325	2330	3539	3698	8933	3945	-811	2555	6903	982	6078	8838
429	2952	2132	9447	1620	7036	8398	6985	5662	9788	2804	9621	4852	-248	7769	477
9881	3326	9815	2423	7058	6697	734	5134	6228	2953	5179	755	477	1434	1644	341
2240	4664	8996	-298	1014	5362	378	6484	5265	378	7735	7901	7331	8494	5936	-744
7430	-198	-776	-904	6216	8075	5751	4235	2302	2930	2618	8336	6283	7660	5803	5370
1826	5478	5982	2861	8246	-39	2358	-422	9300	5373	7506	2520	4461	4763	2700	-856
9472	8912	6127	5775	2332	917	1897	4232	6838	9285	6079	156	2953	4566	1628	2752
858	7066	9663	-888	7569	3892	3524	-787	-501	4244	1840	4597	4661	492	3664	7237
3153	6717	6787	4146	5957	9816	4846	2313	472	6050	-773	6371	9585	1840	6579	3620
1775	9778	-972	-435	2632	3307	6109	3278	4107	3625	6056	3807	-402	160	8619	2079
8006	7817	4724	2490	3557	6960	6309	1103	5467	3121	1232	2518	514	9963	7230	6563
3225	-247	5525	-622	7856	7389	8035	351	7784	7762	7195	9901	8419	8144	7297	731
6432	7088	2450	9631	563	785	7853	-200	1620	5020	2794	1379	9932	3910	9195	6309
6334	1303	3320	1787	4811	476	-505	5712	2085	9072	4403	6434	6323	741	3259	9488
6253	2520	4928	4780	160	7986	3498	9899	716	9416	4192	-565	988	59	-290	9820
271	3150	443	1552	2780	3942	2023	6891	1777	2312	3071	8394	2687	8387	902	5241
3339	4046	8562	354	-625	9346	282	5376	6984	5897	-650	9103	5176	1191	9736	9839
8732	6644	-191	7913	1959	626	-700	-275	644	7417	3717	9439	3754	6455	6699	1428
309	1706	1820	1154	7184	4581	5239	5386	1694	3100	6837	6809	4853	994	9432	2161
3332	4592	-400	5469	-596	7938	2085	7945	7034	6393	2161	6745	2019	-991	8052	3267
1926	975	5092	3012	9366	1337	4496	4168	6208	-492	2592	8660	600	879	3569	-261
3042	4361	8226	79	1362	6060	3935	7625	-393	3831	3321	1798	2722	-707	8366	2738
7263	1680	3550	4695	1104	8083	1467	6201	7545	8803	6326	6748	-598	5864	5667	6650
7772	8231	1224	331	-978	2405	7728	1019	4397	8763	5031	9433	4059	6784	3016	-361
5107	4550	5372	9401	4647	8902	3709	5669	8797	1160	2852	8186	2300	9242	5644	6281
1624	8852	1831	926	8424	8406	2519	8251	2206	1446	2307	4596	3156	-184	3163	-994
-419	8584	4591	5345	6604	2047	8477	8251	6142	7942	4179	7434	3911	394	9609	698
59	8392	9597	3721	2944	1838	3987	8451	6497	6542	3317	-799	4049	-109	-984	-765
2298	1996	-19	1307	3443	9172	784	6651	652	465	3451	9124	7337	2476	3291	3420
5946	150	1385	2360	2690	8314	2054	6908	1601	-333	8412	8913	5125	5452	7328	6806
4297	3940	9034	6195	3121	8070	7016	8606	1320	1610	6955	8919	9428	9511	5716	-348
-862	7799	606	6395	-487	7778	5284	6089	8705	1033	7202	3186	3638	350	1119	5737
-444	2611	6233	8514	-657	3009	9580	9604	2964	2325	3071	3577	7022	201	6894	4687
4780	5310	8041	6714	4165	3103	-136	7673	3665	7238	3928	5762	-223	9364	-628	-137
7403	1420	9388	-441	6701	8570	5290	7514	3883	3283	7062	8451	558	-844	252	2078
7231	7736	-25	2222	4719	899	265	9709	459	3066	8536	4336	2423	6896	6957	6451
2396	5087	1628	-790	9795	7834	5242	8429	892	5592	1484	2290	-592	1923	2287	1433
2261	8456	1808	8254	1666	4345	837	6220	-388	2035	1167	2061	-84	9368	6717	-878
2642	5497	-486	4162	4553	2548	6403	7123	366	2606	3083	5132	764	7851	1751	3414
-498	8873	1545	5029	2188	4887	287	6657	6277	3038	5227	8817	8372	5576	9220	-48
6406	6049	8834	-655	7024	4118	5212	7444	8881	751	6526	3793	9786	1059	4104	5658
8902	-716	5840	6517	1190	5118	7149	3542	2417	5418	7613	8431	277	-110	-308	6884
6920	6746	7970	1164	2081	208	7909	5079	2138	9923	1831	8006	8860	2756	5292	3905
4754	3479	5824	4978	9018	1960	7777	9478	6476	1822	2946	4117	-614	9576	4680	3646
1796	8180	2927	3178	4859	7447	9320	3982	8604	7846	7194	-797	-81	7048	6292	9818
-845	4500	3959	1142	-923	1457	2481	347	4140	-666	6207	7579	506	1360	4228	-473
3113	4101	5489	5536	9957	6108	-628	309	7548	8849	97	5285	7619	2244	2911	9280
2144	1986	9868	2082	2725	5030	3790	5152	4734	-253	2979	9307	20	5092	5681	4954
-240	5036	1932	8380	7392	5424	-94	7621	7900	5229	6100	5267	4105	9401	7737	9140
3788	673	1615	4934	5099	9583	4303	2505	-336	9053	6825	8553	8310	1356	8625	3185
8018	4278	963	2838	4930	6307	7915	7354	5360	4299	9708	7284	3301	9034	6141	7896
5221	6011	304	-309	4248	3432	5288	1256	4118	9490	8550	-485	7061	9943	1197	4957
8510	7507	3076	5268	3387	2239	6424	3259	-46	8490	7973	1256	1295	6585	6012	7078
2071	7758	5638	163	8778	3890	3844	7202	3962	4078	7270	3770	4818	6829	5676	3775
5713	5683	9785	7110	3684	4725	4623	6665	1841	5548	4372	8792	9011	2341	5993	1920
5264	3126	8626	1311	8492	2092	1112	914	-913	4416	8905	3140	-577	6253	7124	2255
2470	5649	2236	4024	4608	131	8089	4504	9683	3070	2311	4108	7203	1459	4116	3627
8732	-672	5363	8419	4147	5368	7015	6301	5808	3098	817	3847	942	6635	8825	-277
4795	-535	3721	-476	3777	7411	8686	6508	8037	3613	904	-700	800	9378	5403	3055
4895	9108	2751	6477	5560	9447	1942	-175	671	333	1105	9204	5457	3378	3608	8600
9732	3718	7967	9612	2829	3370	3610	424	8138	5035	3568	3882	4732	1783	2637	5402
9959	4980	7995	5318	1043	-319	3806	2744	7162	9985	864	263	7126	4082	5089	1014
-134	4222	8181	-292	1862	2286	5577	8136	4939	6	8060	4010	5774	7746	3119	388
8544	8979	654	53	7700	6172	2900	1563	8715	8206	184	5825	195	8010	7582	651
6082	5450	7281	9206	4308	4108	7315	4071	291	5587	203	-254	9353	4682	8207	8781
5267	8884	7311	2942	-363	-377	3088	-327	2488	5346	5960	9870	9343	83	9134	6791
-422	6751	329	6481	6735	5784	1958	6021	5811	3641	-473	3704	3512	9336	6584	3771
8866	4987	2105	5983	5111	-595	8138	6465	6963	-486	2015	7906	5127	1568	7063	3435
1168	1215	7244	5094	7267	4437	9494	552	8126	8260	2040	9775	9367	845	1194	-33
-819	8581	5017	5014	995	5883	8765	-928	985	8976	-682	-733	8401	5198	3443	1470
6878	9207	33	4437	3758	6327	9296	2388	6450	-794	749	8286	9150	6484	702	6119
7574	7826	-341	9404	-733	8159	2777	1997	3099	7750	9570	6138	6908	6571	6057	7118
1543	9510	1820	5547	7684	8660	2045	-5	7289	-996	5508	1240	898	3729	6930	5268
5947	2450	4220	-480	1137	9343	4908	5629	3064	6923	7821	2441	9326	4119	9630	516
-869	8959	9416	7588	8185	1953	9688	4920	7112	5463	8946	6944	7609	434	5982	5263
82	1008	4477	4736	-87	1026	9016	6068	3766	6802	237	781	-747	-509	9578	2493
9746	97	8765	3909	3247	107	5502	1455	8393	879	1582	8180	-73	267	3888	8801
3095	7803	6557	9032	-661	3190	5065	6257	2466	2005	1224	-139	6844	7656	1398	2573
8545	8322	9943	8519	7371	8443	2945	3006	1681	3594	3196	2955	-767	6426	-108	5184
7647	710	2435	9013	5370	6713	2990	2455	9937	8335	6494	4611	1858	8065	8337	3966
6517	9761	6201	8450	2437	6976	7798	-296	2644	671	3797	7117	5006	3591	3151	8784
-967	931	2899	7848	4452	3168	8101	2123	9227	4511	-173	4087	4670	5332	3867	-596
1270	4514	1345	4262	2102	-718	7690	2452	3395	7858	4377	3442	7233	-897	-358	1918
3678	4002	1608	148	4973	5249	6376	1398	2304	7340	5464	1271	-956	7229	9383	1556
277	8712	-977	6657	3321	4798	7447	-631	5477	8318	819	8807	4198	9300	2196	5107
5659	5528	6599	6950	7522	-212	405	8549	2882	7253	8581	881	3109	6805	5693	7271
9992	7905	3943	6276	1092	1662	297	565	5077	7044	4125	2248	1638	6994	4873	6413
3278	1606	3187	3370	5115	2276	2238	5413	1764	9432	8822	8764	6183	741	8456	318
3370	2169	6337	6468	7043	6693	2687	4948	6941	9773	7619	41	3726	8888	4431	1144
1014	6751	4162	9480	8717	-83	844	8718	1266	522	9426	4756	-114	5447	9192	8478
6542	6273	2564	7802	278	7531	3472	5711	1552	55	13	1628	514	1381	-285	9006
6827	1379	-430	4561	886	-163	322	2192	5778	9542	8542	3218	2134	9262	9018	3070
9081	6032	9602	7441	9281	3088	1713	6689	4987	-896	6197	3693	1147	2304	7599	-278
3183	9209	5602	6593	597	9873	1117	6462	9722	729	6133	8857	937	5125	3074	8974
1334	100	5002	2519	8864	-385	7251	7634	3311	9666	8475	4689	7722	4806	973	7198
4439	9037	5174	1373	3693	7459	34	2063	7779	6058	9003	5119	2700	3373	862	2370
3966	4411	5354	1245	8691	-902	7926	3569	9828	7809	4427	5164	9495	-828	2729	4977
4520	7551	8425	5802	3812	-168	1456	278	351	9623	1073	9877	8537	2359	1233	8264
6514	2243	2612	-148	65	7751	960	2568	9967	6381	7384	4533	4999	7712	8559	8056
3455	5585	6464	1120	8464	1646	4654	6752	4082	1835	3543	4565	1993	5863	6694	6281
7812	7552	4767	2347	8355	2440	5254	8988	4044	6349	146	7114	1829	839	7926	3948
7080	817	7549	994	8895	7730	-223	413	7923	6235	-790	8104	-388	8977	3607	5536
3403	737	7142	4003	4343	2258	-44	2735	4499	-438	6665	7767	9005	-969	1778	4480
1510	3209	3937	7903	3729	7430	2271	3734	-140	9773	8218	338	7972	9560	6237	1900
8503	2569	501	4111	6319	8193	6903	9707	9695	4768	3856	5622	2326	8992	7762	9478
9453	3718	8769	507	-771	8615	8677	3462	1040	8195	2128	2442	7988	3634	2935	6648
1288	4196	3950	3457	5543	637	651	2059	5586	-581	4318	4692	1256	9677	3629	-278
467	9057	1387	3510	3686	2036	4829	3954	3998	1915	1456	8690	4112	5198	25	6358
7462	8364	7534	9121	1329	1787	4504	1366	8858	4654	2589	8	6297	5106	7180	3270
-280	3693	8173	4777	3527	9259	25	226	7601	7050	-531	7908	7465	687	-806	5931
4592	1168	4121	9249	7743	4474	4491	2590	217	2128	3214	8420	9082	1139	2863	6223
7019	1997	6448	1337	7448	8983	4609	5577	9319	24	9920	9128	5725	5870	919	1655
-57	9617	1528	390	6256	3585	5096	-432	7604	7616	4108	7181	3270	2293	9426	4633
9983	7089	3554	3842	-973	7513	4	2733	4258	2753	5824	7487	3294	1406	-484	3389
9531	9258	3555	6056	4154	-943	7777	1433	6468	7452	241	8797	7476	8445	287	4759
1868	4515	6539	7772	-993	-661	-668	7299	733	2592	144	5290	3096	8775	386	7946
7273	1302	301	7605	-398	1579	5208	1103	37	3221	2995	5927	-716	4076	9938	3104
2153	3406	6787	5269	4621	7028	4632	3789	1204	1247	7981	5450	966	9889	7179	2468